117
117
117
117
48
48
48
11
11
11
11
11
77
77
77
77
40
40
40
1
1
1
1
33
33
33
33
33
68
68
68
111
111
111
6
6
89
89
112
112
112
112
112
42
42
42
42
42
42
35
35
35
35
35
35
35
55
55
55
98
98
98
98
98
98
64
64
64
64
64
75
75
75
75
114
114
22
22
22
22
22
22
116
116
116
29
29
29
45
45
45
45
45
14
14
14
14
14
14
14
106
106
106
106
25
25
25
25
25
25
25
25
107
107
107
83
83
70
70
70
82
82
82
82
38
38
38
38
38
38
113
113
113
113
113
32
32
32
32
32
31
31
31
31
31
31
31
31
72
72
72
71
71
71
52
52
52
52
52
24
24
24
24
24
24
24
24
3
3
3
96
96
109
109
109
109
39
39
39
39
39
39
16
16
7
7
91
91
8
8
8
8
88
88
88
0
0
0
0
57
57
57
78
78
78
78
43
43
43
43
43
43
100
100
37
37
37
37
37
37
10
10
10
10
10
26
26
26
26
26
26
51
51
51
51
51
36
36
36
36
36
36
73
73
73
73
73
79
79
79
79
79
79
